0.7917675544794189
0.9825783972125436
0.7917675544794189
0.9825783972125436
0.7917675544794189
0.9825783972125436
0.7917675544794189
0.9825783972125436
0.7917675544794189
0.9825783972125436
0.7917675544794189
0.6291913214990138
0.11358024691358025
0.7350993377483444
0.24444444444444444
0.29310344827586204
0.7669172932330827
0.6016771488469602
0.5758683729433273
0.5856443719412724
1.0
0.9825783972125436
0.6357012750455373
0.3333333333333333
0.10606060606060606
0.14121037463976946
0.674074074074074
0.09615384615384616
0.2225
0.554945054945055
0.27307692307692305
0.6345679012345679
0.7807933194154488
0.6058558558558559
0.27571115973741794
0.6680327868852459
0.45767575322812054
0.631578947368421
0.9210526315789473
0.5756302521008403
0.49293563579277866
0.3072289156626506
0.7884615384615384
0.24358974358974358
0.3333333333333333
0.4056437389770723
0.3753581661891118
0.42790697674418604
0.12343096234309624
0.7959866220735786
0.16785714285714284
0.3701067615658363
0.5222222222222223
0.19480519480519481
0.898989898989899
0.3790322580645161
0.7230046948356808
0.3784246575342466
0.8262032085561497
0.48434237995824636
0.3540772532188841
0.1388888888888889
0.7072758037225042
0.3047034764826176
0.1609442060085837
0.6495535714285714
0.7897310513447433
0.28840579710144926
0.2538293216630197
0.5697674418604651
0.42028985507246375
0.8809523809523809
0.140625
0.6523929471032746
0.20464135021097046
0.7655417406749556
0.7917675544794189
0.9825783972125436
0.7917675544794189
0.9825783972125436
0.48158640226628896
0.37988826815642457
0.48158640226628896
0.37988826815642457
0.48158640226628896
0.37988826815642457
0.48158640226628896
0.37988826815642457
0.17647058823529413
0.48158640226628896
0.37988826815642457
0.17647058823529413
0.48158640226628896
0.23543123543123542
0.21455223880597016
0.4594594594594595
0.4575289575289575
0.3788187372708758
0.8966942148760331
0.4287974683544304
0.4180451127819549
0.2847682119205298
0.7739130434782608
0.37988826815642457
0.4623376623376623
0.2694610778443114
0.436950146627566
0.1036036036036036
0.6391382405745063
0.453416149068323
0.6368286445012787
0.8922413793103449
0.43006993006993005
0.3231939163498099
0.17647058823529413
0.35661764705882354
0.2711864406779661
0.6233333333333333
0.7258566978193146
0.4467005076142132
0.37072243346007605
0.6105610561056105
0.4887640449438202
0.2572944297082228
0.6056782334384858
0.5138339920948617
0.5125628140703518
0.42886178861788615
0.7228915662650602
0.6625194401244168
0.6626865671641791
0.4191729323308271
0.47897196261682246
0.2880658436213992
0.7341549295774648
0.6101973684210527
0.8365384615384616
0.2804878048780488
0.6462450592885376
0.40388349514563104
0.2911184210526316
0.42657342657342656
0.9556541019955654
0.04938271604938271
0.5345528455284553
0.6888111888111889
0.2710951526032316
0.34782608695652173
0.6830601092896175
0.7369402985074627
0.31236897274633124
0.34183673469387754
0.4943820224719101
0.5992063492063492
0.46417910447761196
0.31343283582089554
0.6789297658862876
0.5308848080133556
0.5861111111111111
0.5913461538461539
0.060240963855421686
0.4224343675417661
0.8401253918495298
0.3554572271386431
0.2177858439201452
0.4881516587677725
0.48158640226628896
0.37988826815642457
0.48158640226628896
0.37988826815642457
0.23210831721470018
0.5017064846416383
0.40854700854700854
0.23210831721470018
0.5017064846416383
0.23210831721470018
0.5017064846416383
0.23210831721470018
0.5017064846416383
0.23210831721470018
0.5017064846416383
0.23210831721470018
0.29471544715447157
0.545816733067729
0.6904376012965965
0.3566265060240964
0.2527075812274368
0.7396551724137931
0.6130573248407644
0.686
0.5449438202247191
0.8389154704944178
0.5017064846416383
0.8866498740554156
0.36879432624113473
0.19878296146044624
0.30501089324618735
0.5851449275362319
0.5096660808435852
0.7771317829457365
0.6609195402298851
0.7326388888888888
0.2880184331797235
0.40854700854700854
0.2860824742268041
0.6596091205211726
0.4269293924466338
0.29454545454545455
0.08032128514056225
0.3166144200626959
0.5444444444444444
0.44873949579831934
0.4660033167495854
0.5555555555555556
0.7350565428109854
0.5934343434343434
0.22444889779559118
0.3888888888888889
0.4746059544658494
0.5181102362204725
0.17647058823529413
0.38917975567190227
0.75177304964539
0.4560260586319218
0.8238993710691824
0.668724279835391
0.5757121439280359
0.4463157894736842
0.35578583765112265
0.3854014598540146
0.4380165289256198
0.5746268656716418
0.3020833333333333
0.6936790923824959
0.5921696574225123
0.395985401459854
0.3464052287581699
0.5008944543828264
0.5560640732265446
0.35281837160751567
0.34210526315789475
0.15991471215351813
0.700836820083682
0.4593406593406593
0.8133874239350912
0.23210831721470018
0.5017064846416383
0.23210831721470018
0.5017064846416383
0.7808219178082192
0.36930455635491605
0.7808219178082192
0.36930455635491605
0.7808219178082192
0.36930455635491605
0.7808219178082192
0.36930455635491605
0.7808219178082192
0.36930455635491605
0.7808219178082192
0.1870967741935484
0.2692307692307692
0.4630541871921182
0.3647260273972603
0.6079136690647482
0.8646616541353384
0.3050847457627119
0.7573033707865169
0.46440677966101696
0.4851190476190476
0.36930455635491605
0.4121951219512195
0.4149139579349904
0.4136460554371002
0.810958904109589
0.47737556561085975
0.6032520325203252
0.4418604651162791
0.46770601336302897
0.30633802816901406
0.3922077922077922
0.7432432432432432
0.20674157303370785
0.906392694063927
0.49903660886319845
0.26476578411405294
0.7338501291989664
0.3036649214659686
0.7198275862068966
0.31444241316270566
0.5037453183520599
0.45147679324894513
0.5448504983388704
0.6172344689378757
0.36886993603411516
0.6306306306306306
0.3561643835616438
0.1546134663341646
0.32085561497326204
0.37721518987341773
0.6353982300884956
0.4835766423357664
0.48760330578512395
0.7372448979591837
0.43034825870646765
0.8133874239350912
0.5091743119266054
0.7921052631578948
0.21042471042471042
0.6329787234042553
0.4190938511326861
0.6952380952380952
0.7525510204081632
0.7442273534635879
0.5335120643431636
0.6824561403508772
0.16768916155419222
0.8015414258188824
0.4346846846846847
0.3123877917414722
0.17794117647058824
0.5691382765531062
0.7570422535211268
0.7808219178082192
0.36930455635491605
0.7808219178082192
0.36930455635491605
0.7432432432432432
0.7664543524416136
0.4579831932773109
0.7664543524416136
0.4579831932773109
0.7664543524416136
0.4579831932773109
0.4876373626373626
0.7664543524416136
0.4579831932773109
0.7664543524416136
0.4579831932773109
0.7664543524416136
0.43776223776223777
0.7073170731707317
0.2810344827586207
0.7688266199649737
0.5657370517928287
0.5845896147403685
0.6865889212827988
0.4567669172932331
0.33893129770992364
0.5915915915915916
0.4579831932773109
0.8426395939086294
0.4304932735426009
0.7052631578947368
0.3025830258302583
0.5318761384335154
0.41183879093198994
0.8273921200750469
0.31125827814569534
0.5239327296248383
0.6049004594180705
0.4876373626373626
0.580952380952381
0.4547069271758437
0.39375
0.23049001814882034
0.4757142857142857
0.6239168110918544
0.6145510835913313
0.6608
0.42128935532233885
0.46529968454258674
0.44052863436123346
0.518918918918919
0.43739279588336194
0.6967509025270758
0.5666666666666667
0.6381818181818182
0.49164345403899723
0.5062586926286509
0.31869918699186994
0.4119448698315467
0.8140794223826715
0.3665644171779141
0.1781818181818182
0.46735395189003437
0.535483870967742
0.6127946127946128
0.37720706260032105
0.6190476190476191
0.3902053712480253
0.5800273597811217
0.2989864864864865
0.5409015025041736
0.34974533106960953
0.6055488540410132
0.6139359698681732
0.31414473684210525
0.5692995529061102
0.37402190923317685
0.24436090225563908
0.6108202443280978
0.33983739837398375
0.7664543524416136
0.4579831932773109
0.7664543524416136
0.4579831932773109
